Avarage error for epoch with training data in network 1:
1.353301, 1.335852, 1.310830, 1.307346, 1.307302, 1.316478, 1.294132, 1.336925, 1.291036, 1.296927, 1.290903, 1.283744, 1.245502, 1.267595, 1.278683, 1.299507, 1.294918, 1.299905, 1.266470, 1.286753, 1.262579, 1.297122, 1.270144, 1.289734, 1.303882, 1.261674, 1.283347, 1.270275, 1.246004, 1.293284, 1.288465, 1.294651, 1.302368, 1.273399, 1.257718, 1.259937, 1.265004, 1.247308, 1.241737, 1.257123, 1.243340, 1.232013, 1.253089, 1.261326, 1.271078, 1.243330, 1.252296, 1.259345, 1.263102, 1.239894, 1.241943 
Avarage error for epoch with testing data in network 1:
1.451262, 1.460195, 1.329500, 1.315001, 1.327824, 1.292117, 1.290822, 1.325949, 1.253191, 1.254258, 1.258724, 1.297477, 1.282690, 1.296459, 1.256224, 1.270987, 1.306127, 1.347018, 1.293569, 1.294931, 1.315679, 1.314440, 1.280813, 1.272719, 1.318535, 1.283846, 1.307249, 1.303309, 1.259833, 1.307580, 1.301418, 1.292524, 1.310945, 1.272648, 1.265305, 1.273736, 1.233614, 1.271617, 1.258241, 1.272770, 1.239946, 1.191332, 1.255732, 1.218235, 1.260109, 1.277884, 1.270623, 1.288551, 1.254439, 1.251376, 1.267450 
Avarage error for epoch with training data in network 2:
1.124217, 0.988013, 0.998913, 0.998137, 0.964749, 0.980027, 0.960748, 0.993418, 0.963557, 0.995143, 1.005311, 1.002670, 1.000082, 0.994310, 0.995803, 0.987013, 0.997722, 0.996730, 0.993208, 0.984006, 0.992872, 0.981503, 0.982093, 0.981936, 0.991499, 0.978794, 0.973692, 0.981563, 1.012058, 1.003608, 0.993088, 0.990582, 0.995875, 0.991255, 1.004901, 1.009441, 0.999835, 0.988424, 0.982555, 1.000263, 0.997625, 0.986241, 0.998568, 0.986124, 0.969693, 0.978226, 0.977030, 1.001528, 0.990861, 0.982019, 1.002572 
Avarage error for epoch with testing data in network 2:
1.258943, 1.216999, 0.995247, 1.045614, 1.122335, 0.956483, 1.017107, 0.982022, 1.025249, 1.008353, 1.001391, 1.059667, 1.015204, 1.010713, 0.994392, 0.994209, 0.995334, 1.046575, 0.977368, 0.988099, 0.985386, 1.013180, 0.985272, 1.023590, 0.999662, 0.968966, 0.979344, 0.957825, 1.009128, 0.995516, 1.014912, 0.975599, 1.007527, 0.980263, 1.000045, 1.023663, 1.016306, 1.003222, 0.976172, 1.019638, 0.976674, 1.011606, 1.025832, 0.996917, 1.003050, 0.967302, 0.980524, 1.023318, 1.001404, 1.005522, 1.028581 
Avarage error for epoch with training data in network 3:
1.182448, 0.991230, 1.001830, 1.002615, 0.981861, 0.971512, 0.991480, 1.017077, 1.039172, 1.038183, 1.035389, 1.028088, 1.021415, 0.995517, 1.001956, 0.983143, 0.979047, 0.985243, 1.009444, 1.012966, 1.011221, 1.021787, 1.023796, 1.023842, 0.983629, 1.022716, 1.008635, 0.970595, 0.977739, 0.974167, 1.024358, 1.023705, 1.019205, 1.008934, 1.019492, 0.997839, 1.009135, 1.008523, 1.022188, 1.025228, 1.014923, 1.005532, 1.019668, 1.021209, 1.021040, 1.006981, 1.026574, 1.027135, 1.008231, 1.027204, 1.005777 
Avarage error for epoch with testing data in network 3:
1.116910, 0.951950, 1.029356, 0.966998, 1.016095, 0.984994, 1.055444, 1.051017, 1.047084, 1.027754, 1.017011, 1.055610, 1.038688, 1.011049, 0.981188, 0.993888, 0.978343, 0.954125, 0.965097, 1.041671, 1.018857, 0.964810, 0.981891, 1.039582, 0.977097, 0.981985, 1.005679, 1.013057, 0.950054, 0.952222, 0.994967, 1.064484, 1.054277, 1.008607, 1.011186, 1.011780, 1.021884, 1.004002, 1.015590, 1.040194, 1.015712, 1.014905, 1.033920, 1.027325, 1.013815, 1.007774, 0.998932, 1.065629, 1.011336, 1.005192, 1.010258

Porcentage with new standard in network 1: %88.840000
Porcentage with old standard in network 1: %94.560000
Porcentage with new standard in network 2: %91.900000
Porcentage with old standard in network 2: %96.630000
Porcentage with new standard in network 3: %93.570000
Porcentage with old standard in network 3: %97.440000