Avarage error for epoch with training data in network 1:
1.261350, 0.082826, 0.061222, 0.060683, 0.053179, 0.052761, 0.053058, 0.053883, 0.047663, 0.051887, 0.047805, 0.044800, 0.045612, 0.046061, 0.047383, 0.044316, 0.044196, 0.045917, 0.043700, 0.041188, 0.045244, 0.044241, 0.043458, 0.048687, 0.040114, 0.039901, 0.040094, 0.048891, 0.041237, 0.037382, 0.039892, 0.042875, 0.039017, 0.038434, 0.041014, 0.038197, 0.039746, 0.035914, 0.040557, 0.036357, 0.035764, 0.039273, 0.035586, 0.038126, 0.038862, 0.035858, 0.035936, 0.035269, 0.034247, 0.038526, 0.037352, 
Avarage error for epoch with testing data in network 1:
1.261526, 0.081517, 0.061732, 0.061929, 0.057026, 0.055908, 0.055129, 0.056174, 0.052889, 0.054619, 0.052491, 0.052156, 0.051802, 0.051955, 0.053107, 0.050929, 0.049769, 0.052418, 0.051075, 0.049382, 0.050265, 0.053261, 0.050820, 0.055893, 0.047146, 0.048010, 0.048635, 0.056802, 0.049450, 0.047245, 0.049090, 0.050509, 0.049242, 0.048372, 0.049754, 0.046881, 0.048510, 0.047428, 0.049532, 0.048009, 0.046291, 0.050836, 0.046199, 0.048840, 0.048557, 0.046818, 0.046865, 0.046485, 0.046220, 0.048364, 0.047237, 
Avarage error for epoch with training data in network 2:
1.226478, 0.053823, 0.046511, 0.043334, 0.038254, 0.036674, 0.034355, 0.035844, 0.033234, 0.029693, 0.035530, 0.030424, 0.031170, 0.026629, 0.030735, 0.028949, 0.026834, 0.025858, 0.028048, 0.023660, 0.026954, 0.025866, 0.023964, 0.023475, 0.022953, 0.023300, 0.022884, 0.024133, 0.022690, 0.022508, 0.022345, 0.020268, 0.020410, 0.021942, 0.024865, 0.019543, 0.019582, 0.019815, 0.019983, 0.018823, 0.022108, 0.022116, 0.019030, 0.019352, 0.019505, 0.016810, 0.020468, 0.019036, 0.018709, 0.018013, 0.016029, 
Avarage error for epoch with testing data in network 2:
1.226435, 0.053469, 0.047310, 0.043769, 0.041628, 0.040973, 0.038138, 0.038660, 0.038953, 0.035068, 0.041244, 0.036370, 0.037698, 0.034607, 0.038111, 0.036990, 0.033829, 0.032732, 0.035672, 0.032831, 0.035764, 0.035316, 0.034246, 0.033623, 0.032794, 0.033481, 0.032675, 0.034742, 0.033759, 0.033713, 0.033510, 0.032544, 0.032013, 0.035713, 0.036024, 0.031453, 0.033280, 0.033133, 0.032224, 0.031539, 0.034625, 0.034272, 0.032714, 0.031667, 0.033108, 0.030639, 0.033296, 0.033498, 0.033299, 0.033591, 0.031870, 
Avarage error for epoch with training data in network 3:
1.281630, 0.051132, 0.036576, 0.033042, 0.027856, 0.026820, 0.026569, 0.025468, 0.022834, 0.021896, 0.025047, 0.020990, 0.022430, 0.019141, 0.017984, 0.017415, 0.019512, 0.016058, 0.016180, 0.016494, 0.017715, 0.017186, 0.015768, 0.014641, 0.014759, 0.014014, 0.013088, 0.012054, 0.013038, 0.012138, 0.012558, 0.012310, 0.013134, 0.012255, 0.011528, 0.010595, 0.009943, 0.012477, 0.012954, 0.011253, 0.011128, 0.011407, 0.010146, 0.010144, 0.009494, 0.009519, 0.011496, 0.008652, 0.010346, 0.008194, 0.008378, 
Avarage error for epoch with testing data in network 3:
1.281528, 0.054628, 0.039018, 0.037997, 0.033913, 0.031548, 0.030648, 0.032670, 0.030252, 0.028729, 0.033543, 0.029017, 0.029820, 0.028222, 0.027197, 0.026563, 0.028751, 0.026903, 0.026398, 0.026581, 0.028384, 0.026270, 0.028331, 0.025575, 0.027156, 0.025890, 0.025432, 0.025974, 0.025673, 0.025404, 0.026553, 0.025586, 0.028050, 0.026842, 0.025689, 0.024163, 0.024377, 0.027203, 0.026382, 0.024771, 0.026242, 0.025572, 0.024716, 0.025743, 0.024542, 0.025544, 0.027153, 0.024531, 0.026459, 0.023890, 0.024317, 
Porcentage with new standard in network 1: %87.760000
Porcentage with old standard in network 1: %94.370000
Porcentage with new standard in network 2: %91.830000
Porcentage with old standard in network 2: %96.550000
Porcentage with new standard in network 3: %93.830000
Porcentage with old standard in network 3: %97.590000
