Average error for epoch with training data in network 1:
1.292508, 0.052809, 0.041420, 0.035515, 0.027867, 0.028083, 0.022351, 0.020956, 0.019369, 0.015527, 0.014444, 0.015617, 0.012411, 0.011722, 0.010434, 0.010256, 0.009090, 0.008496, 0.006249, 0.005932, 0.005527, 0.005771, 0.004713, 0.004456, 0.004278, 0.004577, 0.004118, 0.003915, 0.003792, 0.003716, 0.003671, 0.003602, 0.003611, 0.003521, 0.003497, 0.003422, 0.003364, 0.003266, 0.003242, 0.003156, 0.003090, 0.003061, 0.003012, 0.003014, 0.002929, 0.002915, 0.002926, 0.002840, 0.002785, 0.002768, 0.002738, 
Average error for epoch with testing data in network 1:
1.292667, 0.057369, 0.052887, 0.048226, 0.043572, 0.042927, 0.039909, 0.040844, 0.040399, 0.037818, 0.038756, 0.040557, 0.038548, 0.037505, 0.036911, 0.035794, 0.035590, 0.036942, 0.035327, 0.034203, 0.033921, 0.034657, 0.032923, 0.032664, 0.032663, 0.033388, 0.033505, 0.033518, 0.033431, 0.032998, 0.033076, 0.033172, 0.033517, 0.033204, 0.033273, 0.033461, 0.033554, 0.033535, 0.033310, 0.033601, 0.033333, 0.033357, 0.033596, 0.033798, 0.033602, 0.033433, 0.033909, 0.033683, 0.033958, 0.034116, 0.033832, 
Average error for epoch with training data in network 2:
1.292787, 0.055426, 0.041748, 0.036565, 0.031727, 0.029504, 0.026177, 0.028408, 0.021292, 0.023336, 0.023177, 0.019123, 0.020363, 0.016641, 0.015906, 0.016518, 0.015825, 0.017421, 0.015551, 0.013449, 0.011819, 0.011716, 0.012988, 0.011635, 0.010427, 0.010915, 0.008629, 0.008793, 0.008336, 0.007532, 0.007786, 0.005795, 0.006497, 0.005919, 0.006369, 0.005189, 0.005600, 0.005215, 0.005319, 0.005190, 0.004537, 0.004994, 0.004086, 0.003772, 0.003546, 0.003679, 0.003391, 0.005477, 0.003394, 0.003355, 0.003700, 
Average error for epoch with testing data in network 2:
1.292667, 0.060546, 0.047823, 0.044594, 0.042149, 0.041189, 0.037031, 0.040382, 0.034598, 0.037599, 0.037877, 0.034078, 0.035382, 0.032558, 0.032434, 0.033617, 0.033590, 0.034131, 0.034870, 0.034187, 0.031338, 0.031784, 0.032506, 0.033815, 0.033501, 0.031831, 0.030972, 0.030413, 0.031117, 0.031054, 0.031265, 0.029436, 0.029735, 0.030469, 0.030300, 0.028905, 0.030151, 0.029163, 0.029748, 0.029929, 0.028367, 0.028834, 0.028902, 0.028805, 0.028451, 0.028976, 0.028316, 0.030531, 0.027735, 0.028551, 0.029032, 
Percentage with new standard in network 1: %90.330000
Percentage with old standard in network 1: %96.020000
Percentage with new standard in network 2: %92.690000
Percentage with old standard in network 2: %96.840000
